![a1 solved](img/a1.png)

## Matriz de Rigidez de cada elemento:
|ELEMENTO|α|λ|μ|λ²|μ²|λ.μ|A[mm²]|L[mm]|E[kgf/mm²]|EA/L|
|---|---|---|---|---|---|---|---|---|---|---|
|1|0|1|0|1|0|0|231,854375|5000|40,7886484|1,8914053164|
|2|16,699244234|0,9578262852|0,2873478856|0,9174311927|0,0825688073|0,2752293578|231,854375|5220,1532544553|40,7886484|1,811637728|
|3|16,699244234|0,9578262852|0,2873478856|0,9174311927|0,0825688073|0,2752293578|231,854375|5220,1532544553|40,7886484|1,811637728|
|4|0|1|0|1|0|0|231,854375|5000|40,7886484|1,8914053164|
|5|90|0|1|0|1|0|231,854375|3000|40,7886484|3,152342194|
|6|180|-1|0|1|0|-0|231,854375|5000|40,7886484|1,8914053164|
|7|196,699244234|-0,9578262852|-0,2873478856|0,9174311927|0,0825688073|0,2752293578|231,854375|5220,1532544553|40,7886484|1,811637728|
|8|196,699244234|-0,9578262852|-0,2873478856|0,9174311927|0,0825688073|0,2752293578|231,854375|5220,1532544553|40,7886484|1,811637728|
|9|180|-1|0|1|0|-0|231,854375|5000|40,7886484|1,8914053164|
|10|270|0|-1|0|1|-0|231,854375|3000|40,7886484|3,152342194|
|11|30,9637565321|0,8574929257|0,5144957554|0,7352941176|0,2647058824|0,4411764706|231,854375|5830,9518948453|40,7886484|1,6218666784|
|12|270|0|-1|0|1|-0|231,854375|3000|40,7886484|3,152342194|
|13|343,300755766|0,9578262852|-0,2873478856|0,9174311927|0,0825688073|-0,2752293578|231,854375|5220,1532544553|40,7886484|1,811637728|
|14|270|0|-1|0|1|-0|231,854375|3000|40,7886484|3,152342194|
|15|221,9872124958|-0,7432941462|-0,6689647316|0,5524861878|0,4475138122|0,4972375691|231,854375|6726,8120235369|40,7886484|1,4058704998|
|16|270|0|-1|0|1|-0|231,854375|3000|40,7886484|3,152342194|
|17|329,0362434679|0,8574929257|-0,5144957554|0,7352941176|0,2647058824|-0,4411764706|231,854375|5830,9518948453|40,7886484|1,6218666784|
![elements Stiffness Matrix](img/elementStiffnessMatrix.png)
## Elementos
### Elemento 1
|1|2|3|4| |
|---|---|---|---|---|
|1,8914053164|0|-1,8914053164|-0|1|
|0|0|-0|-0|2|
|-1,8914053164|-0|1,8914053164|0|3|
|-0|-0|0|0|4|

### Elemento 2
|3|4|5|6| |
|---|---|---|---|---|
|1,6620529615|0,4986158884|-1,6620529615|-0,4986158884|3|
|0,4986158884|0,1495847665|-0,4986158884|-0,1495847665|4|
|-1,6620529615|-0,4986158884|1,6620529615|0,4986158884|5|
|-0,4986158884|-0,1495847665|0,4986158884|0,1495847665|6|

### Elemento 3
|5|6|7|8| |
|---|---|---|---|---|
|1,6620529615|0,4986158884|-1,6620529615|-0,4986158884|5|
|0,4986158884|0,1495847665|-0,4986158884|-0,1495847665|6|
|-1,6620529615|-0,4986158884|1,6620529615|0,4986158884|7|
|-0,4986158884|-0,1495847665|0,4986158884|0,1495847665|8|

### Elemento 4
|7|8|9|10| |
|---|---|---|---|---|
|1,8914053164|0|-1,8914053164|-0|7|
|0|0|-0|-0|8|
|-1,8914053164|-0|1,8914053164|0|9|
|-0|-0|0|0|10|

### Elemento 5
|9|10|11|12| |
|---|---|---|---|---|
|0|0|-0|-0|9|
|0|3,152342194|-0|-3,152342194|10|
|-0|-0|0|0|11|
|-0|-3,152342194|0|3,152342194|12|

### Elemento 6
|11|12|13|14| |
|---|---|---|---|---|
|1,8914053164|-0|-1,8914053164|0|11|
|-0|0|0|-0|12|
|-1,8914053164|0|1,8914053164|-0|13|
|0|-0|-0|0|14|

### Elemento 7
|13|14|15|16| |
|---|---|---|---|---|
|1,6620529615|0,4986158884|-1,6620529615|-0,4986158884|13|
|0,4986158884|0,1495847665|-0,4986158884|-0,1495847665|14|
|-1,6620529615|-0,4986158884|1,6620529615|0,4986158884|15|
|-0,4986158884|-0,1495847665|0,4986158884|0,1495847665|16|

### Elemento 8
|15|16|17|18| |
|---|---|---|---|---|
|1,6620529615|0,4986158884|-1,6620529615|-0,4986158884|15|
|0,4986158884|0,1495847665|-0,4986158884|-0,1495847665|16|
|-1,6620529615|-0,4986158884|1,6620529615|0,4986158884|17|
|-0,4986158884|-0,1495847665|0,4986158884|0,1495847665|18|

### Elemento 9
|17|18|19|20| |
|---|---|---|---|---|
|1,8914053164|-0|-1,8914053164|0|17|
|-0|0|0|-0|18|
|-1,8914053164|0|1,8914053164|-0|19|
|0|-0|-0|0|20|

### Elemento 10
|19|20|1|2| |
|---|---|---|---|---|
|0|-0|-0|0|19|
|-0|3,152342194|0|-3,152342194|20|
|-0|0|0|-0|1|
|0|-3,152342194|-0|3,152342194|2|

### Elemento 11
|1|2|17|18| |
|---|---|---|---|---|
|1,1925490283|0,715529417|-1,1925490283|-0,715529417|1|
|0,715529417|0,4293176502|-0,715529417|-0,4293176502|2|
|-1,1925490283|-0,715529417|1,1925490283|0,715529417|17|
|-0,715529417|-0,4293176502|0,715529417|0,4293176502|18|

### Elemento 12
|17|18|3|4| |
|---|---|---|---|---|
|0|-0|-0|0|17|
|-0|3,152342194|0|-3,152342194|18|
|-0|0|0|-0|3|
|0|-3,152342194|-0|3,152342194|4|

### Elemento 13
|17|18|5|6| |
|---|---|---|---|---|
|1,6620529615|-0,4986158884|-1,6620529615|0,4986158884|17|
|-0,4986158884|0,1495847665|0,4986158884|-0,1495847665|18|
|-1,6620529615|0,4986158884|1,6620529615|-0,4986158884|5|
|0,4986158884|-0,1495847665|-0,4986158884|0,1495847665|6|

### Elemento 14
|15|16|5|6| |
|---|---|---|---|---|
|0|-0|-0|0|15|
|-0|3,152342194|0|-3,152342194|16|
|-0|0|0|-0|5|
|0|-3,152342194|-0|3,152342194|6|

### Elemento 15
|13|14|5|6| |
|---|---|---|---|---|
|0,7767240331|0,6990516298|-0,7767240331|-0,6990516298|13|
|0,6990516298|0,6291464668|-0,6990516298|-0,6291464668|14|
|-0,7767240331|-0,6990516298|0,7767240331|0,6990516298|5|
|-0,6990516298|-0,6291464668|0,6990516298|0,6291464668|6|

### Elemento 16
|13|14|7|8| |
|---|---|---|---|---|
|0|-0|-0|0|13|
|-0|3,152342194|0|-3,152342194|14|
|-0|0|0|-0|7|
|0|-3,152342194|-0|3,152342194|8|

### Elemento 17
|13|14|9|10| |
|---|---|---|---|---|
|1,1925490283|-0,715529417|-1,1925490283|0,715529417|13|
|-0,715529417|0,4293176502|0,715529417|-0,4293176502|14|
|-1,1925490283|0,715529417|1,1925490283|-0,715529417|9|
|0,715529417|-0,4293176502|-0,715529417|0,4293176502|10|

## Matriz de Rigidez Global
|F|Valor (kN)|1|2|3|4|5|6|7|8|9|10|11|12|13|14|15|16|17|18|19|20||
|---|---|---|---|---|---|---|---|---|---|---|---|---|---|---|---|---|---|---|---|---|---|---|
|F1|F1|3,0839543446|0,715529417|-1,8914053164|0|0|0|0|0|0|0|0|0|0|0|0|0|-1,1925490283|-0,715529417|0|0|1|
|F2|F2|0,715529417|3,5816598441|0|0|0|0|0|0|0|0|0|0|0|0|0|0|-0,715529417|-0,4293176502|0|-3,152342194|2|
|F3|0.0|-1,8914053164|0|3,5534582779|0,4986158884|-1,6620529615|-0,4986158884|0|0|0|0|0|0|0|0|0|0|0|0|0|0|3|
|F4|0.0|0|0|0,4986158884|3,3019269605|-0,4986158884|-0,1495847665|0|0|0|0|0|0|0|0|0|0|0|-3,152342194|0|0|4|
|F5|0.0|0|0|-1,6620529615|-0,4986158884|5,7628829176|1,1976675182|-1,6620529615|-0,4986158884|0|0|0|0|-0,7767240331|-0,6990516298|0|0|-1,6620529615|0,4986158884|0|0|5|
|F6|F6|0|0|-0,4986158884|-0,1495847665|1,1976675182|4,2302429603|-0,4986158884|-0,1495847665|0|0|0|0|-0,6990516298|-0,6291464668|0|-3,152342194|0,4986158884|-0,1495847665|0|0|6|
|F7|14868.0|0|0|0|0|-1,6620529615|-0,4986158884|3,5534582779|0,4986158884|-1,8914053164|0|0|0|0|0|0|0|0|0|0|0|7|
|F8|-41650.0|0|0|0|0|-0,4986158884|-0,1495847665|0,4986158884|3,3019269605|0|0|0|0|0|-3,152342194|0|0|0|0|0|0|8|
|F9|-14868.0|0|0|0|0|0|0|-1,8914053164|0|3,0839543446|-0,715529417|0|0|-1,1925490283|0,715529417|0|0|0|0|0|0|9|
|F10|-41650.0|0|0|0|0|0|0|0|0|-0,715529417|3,5816598441|0|-3,152342194|0,715529417|-0,4293176502|0|0|0|0|0|0|10|
|F11|0.0|0|0|0|0|0|0|0|0|0|0|1,8914053164|0|-1,8914053164|0|0|0|0|0|0|0|11|
|F12|0.0|0|0|0|0|0|0|0|0|0|-3,152342194|0|3,152342194|0|0|0|0|0|0|0|0|12|
|F13|0.0|0|0|0|0|-0,7767240331|-0,6990516298|0|0|-1,1925490283|0,715529417|-1,8914053164|0|5,5227313392|0,4821381012|-1,6620529615|-0,4986158884|0|0|0|0|13|
|F14|0.0|0|0|0|0|-0,6990516298|-0,6291464668|0|-3,152342194|0,715529417|-0,4293176502|0|0|0,4821381012|4,3603910775|-0,4986158884|-0,1495847665|0|0|0|0|14|
|F15|0.0|0|0|0|0|0|0|0|0|0|0|0|0|-1,6620529615|-0,4986158884|3,324105923|0,9972317769|-1,6620529615|-0,4986158884|0|0|15|
|F16|0.0|0|0|0|0|0|-3,152342194|0|0|0|0|0|0|-0,4986158884|-0,1495847665|0,9972317769|3,451511727|-0,4986158884|-0,1495847665|0|0|16|
|F17|0.0|-1,1925490283|-0,715529417|0|0|-1,6620529615|0,4986158884|0|0|0|0|0|0|0|0|-1,6620529615|-0,4986158884|6,4080602676|0,715529417|-1,8914053164|0|17|
|F18|-8820.0|-0,715529417|-0,4293176502|0|-3,152342194|0,4986158884|-0,1495847665|0|0|0|0|0|0|0|0|-0,4986158884|-0,1495847665|0,715529417|3,8808293772|0|0|18|
|F19|F19|0|0|0|0|0|0|0|0|0|0|0|0|0|0|0|0|-1,8914053164|0|1,8914053164|0|19|
|F20|-8820.0|0|-3,152342194|0|0|0|0|0|0|0|0|0|0|0|0|0|0|0|0|0|3,152342194|20|
## Definir a matriz inversa para encontrar os deslocamentos.
|Deslocamento| | | | | | | | | | | | | | | | |Forças|
|---|---|---|---|---|---|---|---|---|---|---|---|---|---|---|---|---|---|
|U3|3.55345827787199|0.4986158884489921|-1.6620529614966404|0.0|0.0|0.0|0.0|0.0|0.0|0.0|0.0|0.0|0.0|0.0|0.0|0.0|0.0|
|U3|0.4986158884489921|3.3019269604936134|-0.4986158884489921|0.0|0.0|0.0|0.0|0.0|0.0|0.0|0.0|0.0|0.0|0.0|-3.152342193958916|0.0|0.0|
|U3|-1.6620529614966404|-0.4986158884489921|5.762882917552113|-1.6620529614966404|-0.4986158884489921|0.0|0.0|0.0|0.0|-0.7767240330621918|-0.6990516297559725|0.0|0.0|-1.6620529614966404|0.4986158884489921|0.0|0.0|
|U7|0.0|0.0|-1.6620529614966404|3.55345827787199|0.4986158884489921|-1.8914053163753495|0.0|0.0|0.0|0.0|0.0|0.0|0.0|0.0|0.0|0.0|14868.0|
|U8|0.0|0.0|-0.4986158884489921|0.4986158884489921|3.3019269604936134|0.0|0.0|0.0|0.0|0.0|-3.152342193958916|0.0|0.0|0.0|0.0|0.0|-41650.0|
|U9|0.0|0.0|0.0|-1.8914053163753495|0.0|3.0839543446451723|-0.7155294169618935|0.0|0.0|-1.1925490282698226|0.7155294169618935|0.0|0.0|0.0|0.0|0.0|-14868.0|
|U8|0.0|0.0|0.0|0.0|0.0|-0.7155294169618935|3.5816598441360523|0.0|-3.152342193958916|0.7155294169618935|-0.4293176501771362|0.0|0.0|0.0|0.0|0.0|-41650.0|
|U3|0.0|0.0|0.0|0.0|0.0|0.0|0.0|1.8914053163753495|0.0|-1.8914053163753495|0.0|0.0|0.0|0.0|0.0|0.0|0.0|
|U3|0.0|0.0|0.0|0.0|0.0|0.0|-3.152342193958916|0.0|3.152342193958916|0.0|0.0|0.0|0.0|0.0|0.0|0.0|0.0|
|U3|0.0|0.0|-0.7767240330621918|0.0|0.0|-1.1925490282698226|0.7155294169618935|-1.8914053163753495|0.0|5.522731339204005|0.48213810124307055|-1.6620529614966404|-0.4986158884489917|0.0|0.0|0.0|0.0|
|U3|0.0|0.0|-0.6990516297559725|0.0|-3.152342193958916|0.7155294169618935|-0.4293176501771362|0.0|0.0|0.48213810124307055|4.3603910774511245|-0.4986158884489917|-0.1495847665346974|0.0|0.0|0.0|0.0|
|U3|0.0|0.0|0.0|0.0|0.0|0.0|0.0|0.0|0.0|-1.6620529614966404|-0.4986158884489917|3.324105922993281|0.9972317768979834|-1.6620529614966404|-0.4986158884489917|0.0|0.0|
|U3|0.0|0.0|0.0|0.0|0.0|0.0|0.0|0.0|0.0|-0.4986158884489917|-0.1495847665346974|0.9972317768979834|3.451511727028311|-0.4986158884489917|-0.1495847665346974|0.0|0.0|
|U3|0.0|0.0|-1.6620529614966404|0.0|0.0|0.0|0.0|0.0|0.0|0.0|0.0|-1.6620529614966404|-0.4986158884489917|6.4080602676384535|0.7155294169618932|0.0|0.0|
|U18|0.0|-3.152342193958916|0.4986158884489921|0.0|0.0|0.0|0.0|0.0|0.0|0.0|0.0|-0.4986158884489917|-0.1495847665346974|0.7155294169618932|3.8808293772054476|0.0|-8820.0|
|U18|0.0|0.0|0.0|0.0|0.0|0.0|0.0|0.0|0.0|0.0|0.0|0.0|0.0|0.0|0.0|3.152342193958916|-8820.0|
## Definir a matriz inversa para encontrar os deslocamentos.
|Deslocamento| | | | | | | | | | | | | | | | |Forças|Mult. Matrizes|
|---|---|---|---|---|---|---|---|---|---|---|---|---|---|---|---|---|---|---|
|U3|0.46940872276224443|-0.36508410072987163|0.29240198093517356|0.15233812384938225|0.4668795236193036|0.15233812384938208|0.933759047238607|-0.12778959032220022|0.933759047238607|-0.12778959032220022|0.4668795236193036|0.012274266763590086|-1.5157901656027105E-19|0.11859736804532699|-0.3544103376057921|0.0|0.0|-55210.69729854889|
|U3|-0.3650841007298717|1.8674211395499516|-0.22032105939821797|0.0567208404182287|-0.923472999388154|0.05672084041822906|-1.846945998776308|0.6108046400511217|-1.846945998776308|0.6108046400511217|-0.923472999388154|0.3337627402346772|1.1568470977801034E-17|-0.15101080984843596|1.6159118336103835|0.0|0.0|101135.60890110626|
|U3|0.29240198093517356|-0.220321059398218|0.5590571903362737|0.3427141569266628|0.7211434446987017|0.3427141569266625|1.442286889397403|-0.08997190989255865|1.442286889397403|-0.08997190989255865|0.7211434446987017|0.12637112351705077|3.465204000726386E-18|0.20825714830701453|-0.2729534159665492|0.0|0.0|-87699.42428627779|
|U7|0.15233812384938222|0.05672084041822856|0.342714156926663|1.5406808097322593|-1.9876703611524498|1.5406808097322595|-1.6617643539823208|1.4022376053629524|-1.661764353982321|1.4022376053629524|-1.8925030279311663|0.5336539247536748|1.3007801312036882E-17|0.22403115908614474|0.02929997812533977|0.0|14868.0|151740.53007829768|
|U8|0.46687952361930385|-0.9234729993881537|0.7211434446987016|-1.987670361152451|9.029379352837164|-1.9876703611524535|13.689423836042732|-4.974031717518365|13.689423836042732|-4.974031717518365|8.71215490876622|-1.3576093374554117|-9.796790093026338E-18|-0.052580035930434046|-1.0075113136396285|0.0|-41650.0|-937351.9030305461|
|U9|0.15233812384938208|0.05672084041822881|0.34271415692666274|1.5406808097322593|-1.9876703611524513|2.0693882165171678|-0.7805853426741443|1.4022376053629535|-0.7805853426741447|1.4022376053629535|-1.8925030279311679|0.5336539247536752|4.2030542674999285E-18|0.22403115908614477|0.02929997812534005|0.0|-14868.0|107178.60253323418|
|U8|0.9337590472386077|-1.8469459987763075|1.4422868893974035|-1.6617643539823235|13.689423836042735|-0.7805853426741487|29.668306965266073|-8.875181307200462|29.66830696526607|-8.875181307200462|13.848036058078208|-2.715218674910824|-5.48125683642005E-17|-0.1051600718608682|-2.015022627279257|0.0|-41650.0|-1801178.3578420389|
|U3|-0.1277895903222005|0.6108046400511217|-0.08997190989255865|1.4022376053629535|-4.974031717518366|1.402237605362955|-8.875181307200462|4.271634765957123|-8.875181307200462|3.7429273591722145|-4.974031717518366|1.3482195272269233|2.7690622412389652E-17|0.2555791806444054|0.6338067663091178|0.0|0.0|571229.5468006927|
|U3|0.9337590472386077|-1.8469459987763075|1.4422868893974035|-1.6617643539823235|13.689423836042735|-0.7805853426741487|29.668306965266073|-8.875181307200462|29.985531409337014|-8.875181307200462|13.848036058078208|-2.715218674910824|-5.48125683642005E-17|-0.1051600718608682|-2.015022627279257|0.0|0.0|-1801178.3578420389|
|U3|-0.1277895903222005|0.6108046400511217|-0.08997190989255865|1.4022376053629535|-4.974031717518366|1.402237605362955|-8.875181307200462|3.7429273591722145|-8.875181307200462|3.7429273591722145|-4.974031717518366|1.3482195272269233|2.7690622412389652E-17|0.2555791806444054|0.6338067663091178|0.0|0.0|571229.5468006927|
|U3|0.46687952361930374|-0.9234729993881534|0.7211434446987014|-1.8925030279311674|8.712154908766216|-1.8925030279311699|13.8480360580782|-4.974031717518364|13.8480360580782|-4.974031717518364|8.712154908766216|-1.3576093374554112|-9.796790093026333E-18|-0.05258003593043403|-1.007511313639628|0.0|0.0|-930745.7039827683|
|U3|0.012274266763589947|0.3337627402346774|0.1263711235170507|0.5336539247536752|-1.3576093374554128|0.5336539247536758|-2.715218674910826|1.348219527226924|-2.715218674910826|1.348219527226924|-1.3576093374554128|0.969486925956688|-0.09516733322128339|0.23980516986527547|0.33155337221723113|0.0|0.0|166708.98597209787|
|U3|8.359134149302914E-18|-4.548032560427599E-18|1.7900302497683993E-17|-1.852409039021918E-17|8.619565478152901E-17|-1.8524090390219177E-17|1.7239130956305802E-16|-4.382724212552571E-17|1.7239130956305802E-16|-4.382724212552571E-17|8.619565478152901E-17|-0.09516733322128337|0.3172244440709449|1.0266781302961239E-17|-6.0702862013911985E-18|0.0|0.0|-1.0716607140655779E-11|
|U3|0.11859736804532695|-0.15101080984843587|0.20825714830701453|0.2240311590861449|-0.05258003593043453|0.22403115908614496|-0.10516007186086929|0.25557918064440577|-0.10516007186086929|0.25557918064440577|-0.05258003593043453|0.2398051698652756|3.61581910113282E-18|0.2915126706942542|-0.1723583360965947|0.0|0.0|8090.076013879769|
|U18|-0.35441033760579216|1.6159118336103835|-0.2729534159665492|0.029299978125339913|-1.0075113136396285|0.02929997812534031|-2.015022627279257|0.6338067663091177|-2.015022627279257|0.6338067663091177|-1.0075113136396285|0.331553372217231|1.1754240647583546E-17|-0.1723583360965948|1.679705694379426|0.0|-8820.0|111073.53441484507|
|U18|0.0|0.0|0.0|0.0|0.0|0.0|0.0|0.0|0.0|0.0|0.0|0.0|0.0|0.0|0.0|0.3172244440709449|-8820.0|-2797.919596705734|
## Encontrar as reações nos apoios.
|Deslocamento|Valor (kN)| Resultado|
|---|---|---|
|F1|0|15301,6127825333|
|F2|0|-44654,5161652393|
|F3|-55210.69729854889|0|
|F4|101135.60890110626|0|
|F5|-87699.42428627779|0,0000000001|
|F6|0|145594,5161652389|
|F7|151740.53007829768|14868,0000000001|
|F8|-937351.9030305461|-41650,0000000009|
|F9|107178.60253323418|-14867,9999999999|
|F10|-1801178.3578420389|-41650,0000000003|
|F11|571229.5468006927|0|
|F12|-1801178.3578420389|0|
|F13|571229.5468006927|-0,0000000007|
|F14|-930745.7039827683|0,000000001|
|F15|166708.98597209787|0,0000000001|
|F16|-1.0716607140655779E-11|0|
|F17|8090.076013879769|0|
|F18|111073.53441484507|-8819,9999999999|
|F19|0|-15301,6127825329|
|F20|-2797.919596705734|-8820|
| |SOMA:|-0,0000000006|
![elements Internal Forces](img/elementInternalForces.png)
## Forças internas e Característica.
|Elemento|EA/L|λ|μ|Força|Característica|
|---|---|---|---|---|---|
|1|1,8914053164|1|0|-104425,8063912655|COMPRESSÃO|
|2|1,811637728|0,9578262852|0,2873478856|-109023,7426164962|COMPRESSÃO|
|3|1,811637728|0,9578262852|0,2873478856|-72473,127682687|COMPRESSÃO|
|4|1,8914053164|1|0|-84284,6666666662|COMPRESSÃO|
|5|3,152342194|0|1|0|COMPRESSÃO|
|6|1,8914053164|-1|0|0|COMPRESSÃO|
|7|1,811637728|-0,9578262852|-0,2873478856|217419,3830480597|TRAÇÃO|
|8|1,811637728|-0,9578262852|-0,2873478856|217419,3830480598|TRAÇÃO|
|9|1,8914053164|-1|0|15301,6127825329|TRAÇÃO|
|10|3,152342194|0|-1|-8820|COMPRESSÃO|
|11|1,6218666784|0,8574929257|0,5144957554|103935,7771198793|TRAÇÃO|
|12|3,152342194|0|-1|31327,7419173797|TRAÇÃO|
|13|1,811637728|0,9578262852|-0,2873478856|-108395,6404315639|COMPRESSÃO|
|14|3,152342194|0|-1|-0|COMPRESSÃO|
|15|1,4058704998|-0,7432941462|-0,6689647316|-186781,1471868716|COMPRESSÃO|
|16|3,152342194|0|-1|20825,0000000012|TRAÇÃO|
|17|1,6218666784|0,8574929257|-0,5144957554|80953,0488067686|TRAÇÃO|
## Definir a matriz de deslocamentos.
|Deslocamento| |
|---|---|
|U0|0|
|U1|0|
|U2|-55210,6972985489|
|U3|101135,6089011063|
|U4|-87699,4242862778|
|U5|0|
|U6|151740,5300782977|
|U7|-937351,9030305461|
|U8|107178,6025332342|
|U9|-1801178,3578420389|
|U10|571229,5468006927|
|U11|-1801178,3578420389|
|U12|571229,5468006927|
|U13|-930745,7039827683|
|U14|166708,9859720979|
|U15|-0|
|U16|8090,0760138798|
|U17|111073,5344148451|
|U18|0|
|U19|-2797,9195967057|
