![a1 solved](img/a1.png)

## Matriz de Rigidez de cada elemento:
|ELEMENTO|α|λ|μ|λ²|μ²|λ.μ|A[m²]|L[m]|E[kgf/mm²]|EA/L|
|---|---|---|---|---|---|---|---|---|---|---|
|1|0.0|1.0|0.0|1.0|0.0|0.0|0.0020268299163899908|5000.0|21006.153926|0.00851518024110197|
|2|16.69924423399362|0.9578262852211514|0.28734788556634544|0.9174311926605505|0.08256880733944956|0.27522935779816515|0.0020268299163899908|5220.153254455275|21006.153926|0.008156063458323249|
|3|16.69924423399362|0.9578262852211514|0.28734788556634544|0.9174311926605505|0.08256880733944956|0.27522935779816515|0.0020268299163899908|5220.153254455275|21006.153926|0.008156063458323249|
|4|0.0|1.0|0.0|1.0|0.0|0.0|0.0020268299163899908|5000.0|21006.153926|0.00851518024110197|
|5|90.0|0.0|1.0|0.0|1.0|0.0|0.0020268299163899908|3000.0|21006.153926|0.014191967068503284|
|6|180.0|-1.0|0.0|1.0|0.0|-0.0|0.0020268299163899908|5000.0|21006.153926|0.00851518024110197|
|7|196.6992442339936|-0.9578262852211514|-0.2873478855663452|0.9174311926605505|0.08256880733944942|0.27522935779816493|0.0020268299163899908|5220.153254455275|21006.153926|0.008156063458323249|
|8|196.6992442339936|-0.9578262852211514|-0.2873478855663452|0.9174311926605505|0.08256880733944942|0.27522935779816493|0.0020268299163899908|5220.153254455275|21006.153926|0.008156063458323249|
|9|180.0|-1.0|0.0|1.0|0.0|-0.0|0.0020268299163899908|5000.0|21006.153926|0.00851518024110197|
|10|270.0|0.0|-1.0|0.0|1.0|-0.0|0.0020268299163899908|3000.0|21006.153926|0.014191967068503284|
|11|30.96375653207352|0.8574929257125442|0.5144957554275266|0.7352941176470589|0.26470588235294124|0.44117647058823534|0.0020268299163899908|5830.951894845301|21006.153926|0.007301706817912175|
|12|270.0|0.0|-1.0|0.0|1.0|-0.0|0.0020268299163899908|3000.0|21006.153926|0.014191967068503284|
|13|343.3007557660064|0.9578262852211514|-0.28734788556634544|0.9174311926605505|0.08256880733944956|-0.27522935779816515|0.0020268299163899908|5220.153254455275|21006.153926|0.008156063458323249|
|14|270.0|0.0|-1.0|0.0|1.0|-0.0|0.0020268299163899908|3000.0|21006.153926|0.014191967068503284|
|15|221.98721249581664|-0.7432941462471664|-0.6689647316224496|0.552486187845304|0.44751381215469604|0.4972375690607735|0.0020268299163899908|6726.812023536855|21006.153926|0.0063292836274506286|
|16|270.0|0.0|-1.0|0.0|1.0|-0.0|0.0020268299163899908|3000.0|21006.153926|0.014191967068503284|
|17|329.03624346792645|0.8574929257125442|-0.5144957554275266|0.7352941176470589|0.26470588235294124|-0.44117647058823534|0.0020268299163899908|5830.951894845301|21006.153926|0.007301706817912175|
|18|109.65382405805332|-0.3363363969981564|0.9417419115948374|0.11312217194570146|0.8868778280542986|-0.31674208144796395|0.0020268299163899908|7433.034373659253|21006.153926|0.005727930084164255|
|19|70.3461759419467|0.33633639699815626|0.9417419115948374|0.11312217194570137|0.8868778280542986|0.31674208144796384|0.0020268299163899908|7433.034373659253|21006.153926|0.005727930084164255|
![elements Stiffness Matrix](img/elementStiffnessMatrix.png)
## Elementos
### Elemento 1
|1|2|3|4| |
|---|---|---|---|---|
|0,0085151802|0|-0,0085151802|-0|1|
|0|0|-0|-0|2|
|-0,0085151802|-0|0,0085151802|0|3|
|-0|-0|0|0|4|

### Elemento 2
|3|4|5|6| |
|---|---|---|---|---|
|0,007482627|0,0022447881|-0,007482627|-0,0022447881|3|
|0,0022447881|0,0006734364|-0,0022447881|-0,0006734364|4|
|-0,007482627|-0,0022447881|0,007482627|0,0022447881|5|
|-0,0022447881|-0,0006734364|0,0022447881|0,0006734364|6|

### Elemento 3
|5|6|7|8| |
|---|---|---|---|---|
|0,007482627|0,0022447881|-0,007482627|-0,0022447881|5|
|0,0022447881|0,0006734364|-0,0022447881|-0,0006734364|6|
|-0,007482627|-0,0022447881|0,007482627|0,0022447881|7|
|-0,0022447881|-0,0006734364|0,0022447881|0,0006734364|8|

### Elemento 4
|7|8|9|10| |
|---|---|---|---|---|
|0,0085151802|0|-0,0085151802|-0|7|
|0|0|-0|-0|8|
|-0,0085151802|-0|0,0085151802|0|9|
|-0|-0|0|0|10|

### Elemento 5
|9|10|11|12| |
|---|---|---|---|---|
|0|0|-0|-0|9|
|0|0,0141919671|-0|-0,0141919671|10|
|-0|-0|0|0|11|
|-0|-0,0141919671|0|0,0141919671|12|

### Elemento 6
|11|12|13|14| |
|---|---|---|---|---|
|0,0085151802|-0|-0,0085151802|0|11|
|-0|0|0|-0|12|
|-0,0085151802|0|0,0085151802|-0|13|
|0|-0|-0|0|14|

### Elemento 7
|13|14|15|16| |
|---|---|---|---|---|
|0,007482627|0,0022447881|-0,007482627|-0,0022447881|13|
|0,0022447881|0,0006734364|-0,0022447881|-0,0006734364|14|
|-0,007482627|-0,0022447881|0,007482627|0,0022447881|15|
|-0,0022447881|-0,0006734364|0,0022447881|0,0006734364|16|

### Elemento 8
|15|16|17|18| |
|---|---|---|---|---|
|0,007482627|0,0022447881|-0,007482627|-0,0022447881|15|
|0,0022447881|0,0006734364|-0,0022447881|-0,0006734364|16|
|-0,007482627|-0,0022447881|0,007482627|0,0022447881|17|
|-0,0022447881|-0,0006734364|0,0022447881|0,0006734364|18|

### Elemento 9
|17|18|19|20| |
|---|---|---|---|---|
|0,0085151802|-0|-0,0085151802|0|17|
|-0|0|0|-0|18|
|-0,0085151802|0|0,0085151802|-0|19|
|0|-0|-0|0|20|

### Elemento 10
|19|20|1|2| |
|---|---|---|---|---|
|0|-0|-0|0|19|
|-0|0,0141919671|0|-0,0141919671|20|
|-0|0|0|-0|1|
|0|-0,0141919671|-0|0,0141919671|2|

### Elemento 11
|1|2|17|18| |
|---|---|---|---|---|
|0,0053689021|0,0032213412|-0,0053689021|-0,0032213412|1|
|0,0032213412|0,0019328047|-0,0032213412|-0,0019328047|2|
|-0,0053689021|-0,0032213412|0,0053689021|0,0032213412|17|
|-0,0032213412|-0,0019328047|0,0032213412|0,0019328047|18|

### Elemento 12
|17|18|3|4| |
|---|---|---|---|---|
|0|-0|-0|0|17|
|-0|0,0141919671|0|-0,0141919671|18|
|-0|0|0|-0|3|
|0|-0,0141919671|-0|0,0141919671|4|

### Elemento 13
|17|18|5|6| |
|---|---|---|---|---|
|0,007482627|-0,0022447881|-0,007482627|0,0022447881|17|
|-0,0022447881|0,0006734364|0,0022447881|-0,0006734364|18|
|-0,007482627|0,0022447881|0,007482627|-0,0022447881|5|
|0,0022447881|-0,0006734364|-0,0022447881|0,0006734364|6|

### Elemento 14
|15|16|5|6| |
|---|---|---|---|---|
|0|-0|-0|0|15|
|-0|0,0141919671|0|-0,0141919671|16|
|-0|0|0|-0|5|
|0|-0,0141919671|-0|0,0141919671|6|

### Elemento 15
|13|14|5|6| |
|---|---|---|---|---|
|0,0034968418|0,0031471576|-0,0034968418|-0,0031471576|13|
|0,0031471576|0,0028324418|-0,0031471576|-0,0028324418|14|
|-0,0034968418|-0,0031471576|0,0034968418|0,0031471576|5|
|-0,0031471576|-0,0028324418|0,0031471576|0,0028324418|6|

### Elemento 16
|13|14|7|8| |
|---|---|---|---|---|
|0|-0|-0|0|13|
|-0|0,0141919671|0|-0,0141919671|14|
|-0|0|0|-0|7|
|0|-0,0141919671|-0|0,0141919671|8|

### Elemento 17
|13|14|9|10| |
|---|---|---|---|---|
|0,0053689021|-0,0032213412|-0,0053689021|0,0032213412|13|
|-0,0032213412|0,0019328047|0,0032213412|-0,0019328047|14|
|-0,0053689021|0,0032213412|0,0053689021|-0,0032213412|9|
|0,0032213412|-0,0019328047|-0,0032213412|0,0019328047|10|

### Elemento 18
|21|22|7|8| |
|---|---|---|---|---|
|0,0006479559|-0,0018142765|-0,0006479559|0,0018142765|21|
|-0,0018142765|0,0050799742|0,0018142765|-0,0050799742|22|
|-0,0006479559|0,0018142765|0,0006479559|-0,0018142765|7|
|0,0018142765|-0,0050799742|-0,0018142765|0,0050799742|8|

### Elemento 19
|21|22|9|10| |
|---|---|---|---|---|
|0,0006479559|0,0018142765|-0,0006479559|-0,0018142765|21|
|0,0018142765|0,0050799742|-0,0018142765|-0,0050799742|22|
|-0,0006479559|-0,0018142765|0,0006479559|0,0018142765|9|
|-0,0018142765|-0,0050799742|0,0018142765|0,0050799742|10|

## Matriz de Rigidez Global
|F|Valor (kN)|1|2|3|4|5|6|7|8|9|10|11|12|13|14|15|16|17|18|19|20|21|22||
|---|---|---|---|---|---|---|---|---|---|---|---|---|---|---|---|---|---|---|---|---|---|---|---|---|
|F1|F1|0,0138840823|0,0032213412|-0,0085151802|0|0|0|0|0|0|0|0|0|0|0|0|0|-0,0053689021|-0,0032213412|0|0|0|0|1|
|F2|F2|0,0032213412|0,0161247718|0|0|0|0|0|0|0|0|0|0|0|0|0|0|-0,0032213412|-0,0019328047|0|-0,0141919671|0|0|2|
|F3|0.0|-0,0085151802|0|0,0159978073|0,0022447881|-0,007482627|-0,0022447881|0|0|0|0|0|0|0|0|0|0|0|0|0|0|0|0|3|
|F4|0.0|0|0|0,0022447881|0,0148654035|-0,0022447881|-0,0006734364|0|0|0|0|0|0|0|0|0|0|0|-0,0141919671|0|0|0|0|4|
|F5|0.0|0|0|-0,007482627|-0,0022447881|0,0259447229|0,0053919457|-0,007482627|-0,0022447881|0|0|0|0|-0,0034968418|-0,0031471576|0|0|-0,007482627|0,0022447881|0|0|0|0|5|
|F6|F6|0|0|-0,0022447881|-0,0006734364|0,0053919457|0,0190447182|-0,0022447881|-0,0006734364|0|0|0|0|-0,0031471576|-0,0028324418|0|-0,0141919671|0,0022447881|-0,0006734364|0|0|0|0|6|
|F7|0.0|0|0|0|0|-0,007482627|-0,0022447881|0,0166457632|0,0004305116|-0,0085151802|0|0|0|0|0|0|0|0|0|0|0|-0,0006479559|0,0018142765|7|
|F8|0.0|0|0|0|0|-0,0022447881|-0,0006734364|0,0004305116|0,0199453777|0|0|0|0|0|-0,0141919671|0|0|0|0|0|0|0,0018142765|-0,0050799742|8|
|F9|0.0|0|0|0|0|0|0|-0,0085151802|0|0,0145320382|-0,0014070647|0|0|-0,0053689021|0,0032213412|0|0|0|0|0|0|-0,0006479559|-0,0018142765|9|
|F10|0.0|0|0|0|0|0|0|0|0|-0,0014070647|0,021204746|0|-0,0141919671|0,0032213412|-0,0019328047|0|0|0|0|0|0|-0,0018142765|-0,0050799742|10|
|F11|0.0|0|0|0|0|0|0|0|0|0|0|0,0085151802|0|-0,0085151802|0|0|0|0|0|0|0|0|0|11|
|F12|0.0|0|0|0|0|0|0|0|0|0|-0,0141919671|0|0,0141919671|0|0|0|0|0|0|0|0|0|0|12|
|F13|0.0|0|0|0|0|-0,0034968418|-0,0031471576|0|0|-0,0053689021|0,0032213412|-0,0085151802|0|0,0248635511|0,0021706045|-0,007482627|-0,0022447881|0|0|0|0|0|0|13|
|F14|0.0|0|0|0|0|-0,0031471576|-0,0028324418|0|-0,0141919671|0,0032213412|-0,0019328047|0|0|0,0021706045|0,0196306501|-0,0022447881|-0,0006734364|0|0|0|0|0|0|14|
|F15|0.0|0|0|0|0|0|0|0|0|0|0|0|0|-0,007482627|-0,0022447881|0,0149652541|0,0044895762|-0,007482627|-0,0022447881|0|0|0|0|15|
|F16|0.0|0|0|0|0|0|-0,0141919671|0|0|0|0|0|0|-0,0022447881|-0,0006734364|0,0044895762|0,0155388399|-0,0022447881|-0,0006734364|0|0|0|0|16|
|F17|0.0|-0,0053689021|-0,0032213412|0|0|-0,007482627|0,0022447881|0|0|0|0|0|0|0|0|-0,007482627|-0,0022447881|0,0288493364|0,0032213412|-0,0085151802|0|0|0|17|
|F18|-8826.0|-0,0032213412|-0,0019328047|0|-0,0141919671|0,0022447881|-0,0006734364|0|0|0|0|0|0|0|0|-0,0022447881|-0,0006734364|0,0032213412|0,0174716447|0|0|0|0|18|
|F19|F19|0|0|0|0|0|0|0|0|0|0|0|0|0|0|0|0|-0,0085151802|0|0,0085151802|0|0|0|19|
|F20|-8826.0|0|-0,0141919671|0|0|0|0|0|0|0|0|0|0|0|0|0|0|0|0|0|0,0141919671|0|0|20|
|F21|0.0|0|0|0|0|0|0|-0,0006479559|0,0018142765|-0,0006479559|-0,0018142765|0|0|0|0|0|0|0|0|0|0|0,0012959118|-0|21|
|F22|-83300.0|0|0|0|0|0|0|0,0018142765|-0,0050799742|-0,0018142765|-0,0050799742|0|0|0|0|0|0|0|0|0|0|-0|0,0101599484|22|
## Definir a matriz inversa para encontrar os deslocamentos.
|Deslocamento| | | | | | | | | | | | | | | | | | |Forças|
|---|---|---|---|---|---|---|---|---|---|---|---|---|---|---|---|---|---|---|---|
|U3|0.015997807267086602|0.00224478810779539|-0.007482627025984632|0.0|0.0|0.0|0.0|0.0|0.0|0.0|0.0|0.0|0.0|0.0|0.0|0.0|0.0|0.0|0.0|
|U3|0.00224478810779539|0.014865403500841902|-0.00224478810779539|0.0|0.0|0.0|0.0|0.0|0.0|0.0|0.0|0.0|0.0|0.0|-0.014191967068503284|0.0|0.0|0.0|0.0|
|U3|-0.007482627025984632|-0.00224478810779539|0.02594472286107579|-0.007482627025984632|-0.00224478810779539|0.0|0.0|0.0|0.0|-0.003496841783121895|-0.0031471576048097047|0.0|0.0|-0.007482627025984632|0.00224478810779539|0.0|0.0|0.0|0.0|
|U3|0.0|0.0|-0.007482627025984632|0.016645763158960387|4.3051161054879225E-4|-0.00851518024110197|0.0|0.0|0.0|0.0|0.0|0.0|0.0|0.0|0.0|0.0|-6.479558918737851E-4|0.0018142764972465977|0.0|
|U3|0.0|0.0|-0.00224478810779539|4.3051161054879225E-4|0.01994537769313237|0.0|0.0|0.0|0.0|0.0|-0.014191967068503284|0.0|0.0|0.0|0.0|0.0|0.0018142764972465977|-0.005079974192290471|0.0|
|U3|0.0|0.0|0.0|-0.00851518024110197|0.0|0.014532038204970003|-0.0014070647459499513|0.0|0.0|-0.0053689020719942466|0.0032213412431965484|0.0|0.0|0.0|0.0|0.0|-6.479558918737846E-4|-0.001814276497246597|0.0|
|U3|0.0|0.0|0.0|0.0|0.0|-0.0014070647459499513|0.021204746006711683|0.0|-0.014191967068503284|0.0032213412431965484|-0.0019328047459179292|0.0|0.0|0.0|0.0|0.0|-0.001814276497246597|-0.005079974192290471|0.0|
|U3|0.0|0.0|0.0|0.0|0.0|0.0|0.0|0.00851518024110197|0.0|-0.00851518024110197|0.0|0.0|0.0|0.0|0.0|0.0|0.0|0.0|0.0|
|U3|0.0|0.0|0.0|0.0|0.0|0.0|-0.014191967068503284|0.0|0.014191967068503284|0.0|0.0|0.0|0.0|0.0|0.0|0.0|0.0|0.0|0.0|
|U3|0.0|0.0|-0.003496841783121895|0.0|0.0|-0.0053689020719942466|0.0032213412431965484|-0.00851518024110197|0.0|0.024863551122202742|0.002170604469408544|-0.007482627025984632|-0.002244788107795388|0.0|0.0|0.0|0.0|0.0|0.0|
|U3|0.0|0.0|-0.0031471576048097047|0.0|-0.014191967068503284|0.0032213412431965484|-0.0019328047459179292|0.0|0.0|0.002170604469408544|0.019630650091088563|-0.002244788107795388|-6.734364323386159E-4|0.0|0.0|0.0|0.0|0.0|0.0|
|U3|0.0|0.0|0.0|0.0|0.0|0.0|0.0|0.0|0.0|-0.007482627025984632|-0.002244788107795388|0.014965254051969265|0.004489576215590776|-0.007482627025984632|-0.002244788107795388|0.0|0.0|0.0|0.0|
|U3|0.0|0.0|0.0|0.0|0.0|0.0|0.0|0.0|0.0|-0.002244788107795388|-6.734364323386159E-4|0.004489576215590776|0.015538839933180516|-0.002244788107795388|-6.734364323386159E-4|0.0|0.0|0.0|0.0|
|U3|0.0|0.0|-0.007482627025984632|0.0|0.0|0.0|0.0|0.0|0.0|0.0|0.0|-0.007482627025984632|-0.002244788107795388|0.02884933636506548|0.003221341243196546|0.0|0.0|0.0|0.0|
|U18|0.0|-0.014191967068503284|0.00224478810779539|0.0|0.0|0.0|0.0|0.0|0.0|0.0|0.0|-0.002244788107795388|-6.734364323386159E-4|0.003221341243196546|0.017471644679098446|0.0|0.0|0.0|-8826.0|
|U18|0.0|0.0|0.0|0.0|0.0|0.0|0.0|0.0|0.0|0.0|0.0|0.0|0.0|0.0|0.0|0.014191967068503284|0.0|0.0|-8826.0|
|U3|0.0|0.0|0.0|-6.479558918737851E-4|0.0018142764972465977|-6.479558918737846E-4|-0.001814276497246597|0.0|0.0|0.0|0.0|0.0|0.0|0.0|0.0|0.0|0.0012959117837475697|-6.505213034913027E-19|0.0|
|U22|0.0|0.0|0.0|0.0018142764972465977|-0.005079974192290471|-0.001814276497246597|-0.005079974192290471|0.0|0.0|0.0|0.0|0.0|0.0|0.0|0.0|0.0|-6.505213034913027E-19|0.010159948384580942|-83300.0|
## Definir a matriz inversa para encontrar os deslocamentos.
|Deslocamento| | | | | | | | | | | | | | | | | | |Forças|Mult. Matrizes|
|---|---|---|---|---|---|---|---|---|---|---|---|---|---|---|---|---|---|---|---|---|
|U3|104.26580866720153|-81.09305845477118|64.94879093573955|33.83758525093509|103.7040189493484|33.837585250935135|207.40803789869693|-28.3848261186739|207.40803789869693|-28.3848261186739|103.70401894934842|2.7263795661307135|1.874555133974157E-15|26.34303515341984|-78.72218529096341|0.0|179.02321178002308|155.5560284240227|0.0|-1.226301516034305E7|
|U3|-81.0930584547712|414.7945400154447|-48.938062525534164|12.598922874054956|-205.1232846652974|12.598922874054857|-410.2465693305951|135.6728936732333|-410.2465693305951|135.6728936732333|-205.12328466529743|74.13590827364388|-2.7572835948495522E-15|-33.54276016364332|358.9288947909568|0.0|-274.57367565736183|-307.6849269979463|0.0|2.2462247993503943E7|
|U3|64.94879093573954|-48.93806252553416|124.17866821607696|76.12421112113728|160.18152364979912|76.12421112113735|320.3630472995985|-19.984703068742135|320.3630472995985|-19.984703068742135|160.18152364979917|28.069754026197725|3.1285318939257277E-15|46.25840749438807|-60.6288448939673|0.0|300.37834423085644|240.2722854746989|0.0|-1.9479571195008263E7|
|U3|33.837585250935064|12.598922874054999|76.12421112113721|342.21846066149345|-441.50448749620034|342.21846066149334|-369.11372920962833|311.46723692389253|-369.11372920962833|311.46723692389253|-420.3657687722963|118.5360546464554|-1.4979823106932286E-15|49.762155742041045|6.508157528886702|0.0|443.5655222626941|-405.3091083529144|0.0|3.3704807727447815E7|
|U3|103.70401894934841|-205.1232846652974|160.18152364979926|-441.5044874961999|2005.6200371533328|-441.50448749619926|3040.716495539072|-1104.8397999754498|3040.716495539072|-1104.8397999754498|1935.157641406986|-301.55433540085926|1.824935101490966E-14|-11.679160825509898|-223.79000807618021|0.0|1007.6305542438354|2523.168266346203|0.0|-2.0820474597535834E8|
|U3|33.83758525093511|12.598922874054884|76.1242111211373|342.2184606614933|-441.50448749619943|459.6557869054047|-173.38485213644077|311.4672369238919|-173.38485213644077|311.4672369238919|-420.3657687722953|118.5360546464552|-2.243208259554732E-15|49.762155742041024|6.508157528886574|0.0|776.304613287111|-286.473718701336|0.0|2.3805819769471336E7|
|U3|207.408037898697|-410.2465693305951|320.3630472995987|-369.11372920962765|3040.716495539072|-173.38485213644034|6589.971313948266|-1971.3693231303828|6589.971313948266|-1971.3693231303828|3075.9476934122463|-603.1086708017189|2.5829569800598282E-14|-23.358321651019832|-447.58001615236066|0.0|4697.707455099837|4850.295489935311|0.0|-4.0007927308905065E8|
|U3|-28.384826118673907|135.6728936732333|-19.98470306874222|311.4672369238923|-1104.83979997545|311.46723692389185|-1971.3693231303828|948.8222770607622|-1971.3693231303828|831.3849508168508|-1104.8397999754502|299.46865588697074|-8.185919356751446E-15|56.76965223734697|140.78216237459463|0.0|-901.674095493014|-1538.1045615529167|0.0|1.268815666122398E8|
|U3|207.408037898697|-410.2465693305951|320.3630472995987|-369.11372920962765|3040.716495539072|-173.38485213644034|6589.971313948266|-1971.3693231303828|6660.433709694613|-1971.3693231303828|3075.9476934122463|-603.1086708017189|2.5829569800598282E-14|-23.358321651019832|-447.58001615236066|0.0|4697.707455099837|4850.295489935311|0.0|-4.0007927308905065E8|
|U3|-28.384826118673907|135.6728936732333|-19.98470306874222|311.4672369238923|-1104.83979997545|311.46723692389185|-1971.3693231303828|831.3849508168508|-1971.3693231303828|831.3849508168508|-1104.8397999754502|299.46865588697074|-8.185919356751446E-15|56.76965223734697|140.78216237459463|0.0|-901.674095493014|-1538.1045615529167|0.0|1.268815666122398E8|
|U3|103.70401894934842|-205.1232846652974|160.1815236497993|-420.36576877229584|1935.157641406986|-420.36576877229516|3075.947693412246|-1104.83979997545|3075.947693412246|-1104.83979997545|1935.1576414069862|-301.5543354008593|1.8291098271933296E-14|-11.6791608255099|-223.79000807618021|0.0|1176.7403040350682|2505.5526674096163|0.0|-2.0673736658394068E8|
|U3|2.72637956613071|74.13590827364385|28.069754026197717|118.53605464645534|-301.5543354008592|118.53605464645518|-603.1086708017189|299.4686558869707|-603.1086708017189|299.4686558869707|-301.5543354008593|215.3439708838838|-21.13871872390403|53.26590398969399|73.64515995174035|0.0|-303.6400149147481|-452.3315031012891|0.0|3.702922202660332E7|
|U3|1.0556293441280405E-16|2.1303941390947557E-16|-7.219921283016213E-16|-3.441587714738426E-16|-2.6232282138824746E-16|-1.5801904203161E-15|-4.6227740224136304E-15|-1.256122978878998E-15|-4.6227740224136304E-15|-1.256122978878998E-15|-2.407426939530354E-16|-21.13871872390403|70.46239574634683|-2.5923571402122592E-17|2.3804188366208315E-16|0.0|-5.08030570711266E-15|-2.259463665732952E-15|0.0|1.8611236569035336E-10|
|U3|26.343035153419837|-33.54276016364332|46.25840749438807|49.762155742041045|-11.679160825509955|49.76215574204104|-23.3583216510199|56.76965223734699|-23.3583216510199|56.76965223734699|-11.679160825509955|53.265903989693996|1.777045998255792E-15|64.75125593707163|-38.284506491258895|0.0|33.41133058632712|-17.518741238264933|0.0|1797210.1994393198|
|U18|-78.72218529096341|358.92889479095675|-60.62884489396728|6.508157528886642|-223.79000807618013|6.508157528886535|-447.58001615236054|140.7821623745946|-447.58001615236054|140.7821623745946|-223.7900080761802|73.64515995174034|-3.1118161070553665E-15|-38.28450649125889|373.09888814333027|0.0|-306.797853777766|-335.6850121142704|-8826.0|2.4669590722365692E7|
|U18|0.0|0.0|0.0|0.0|0.0|0.0|0.0|0.0|0.0|0.0|0.0|0.0|0.0|0.0|0.0|70.46239574634683|0.0|0.0|-8826.0|-621901.1048572571|
|U3|179.023211780023|-274.57367565736166|300.3783442308563|443.5655222626947|1007.630554243834|776.3046132871115|4697.707455099835|-901.6740954930133|4697.707455099835|-901.6740954930133|1176.7403040350673|-303.640014914748|9.981063363836477E-15|33.41133058632712|-306.79785377776585|0.0|6547.700192499224|2912.086699497624|0.0|-2.398690242107095E8|
|U22|155.5560284240227|-307.68492699794626|240.272285474699|-405.30910835291377|2523.1682663462025|-286.4737187013356|4850.29548993531|-1538.1045615529165|4850.29548993531|-1538.1045615529165|2505.5526674096163|-452.3315031012891|2.2634302197458437E-14|-17.51874123826487|-335.6850121142705|0.0|2912.0866994976254|3806.3781803139877|-83300.0|-3.141085465032346E8|
## Encontrar as reações nos apoios.
|Deslocamento|Valor (kN)| Resultado|
|---|---|---|
|F1|0|15303,5687793726|15303,5687793726|15303,5687793726|15303,5687793726|15303,5687793726|15303,5687793726|15303,5687793726|15303,5687793726|15303,5687793726|15303,5687793726|15303,5687793726|15303,5687793726|15303,5687793726|15303,5687793726|15303,5687793726|15303,5687793726|15303,5687793726|15303,5687793726|15303,5687793726|15303,5687793726|15303,5687793726|15303,5687793726|
|F2|0|-44644,9293661887|-44644,9293661887|-44644,9293661887|-44644,9293661887|-44644,9293661887|-44644,9293661887|-44644,9293661887|-44644,9293661887|-44644,9293661887|-44644,9293661887|-44644,9293661887|-44644,9293661887|-44644,9293661887|-44644,9293661887|-44644,9293661887|-44644,9293661887|-44644,9293661887|-44644,9293661887|-44644,9293661887|-44644,9293661887|-44644,9293661887|-44644,9293661887|
|F3|-1.226301516034305E7|-0,0000000001|-0,0000000001|-0,0000000001|-0,0000000001|-0,0000000001|-0,0000000001|-0,0000000001|-0,0000000001|-0,0000000001|-0,0000000001|-0,0000000001|-0,0000000001|-0,0000000001|-0,0000000001|-0,0000000001|-0,0000000001|-0,0000000001|-0,0000000001|-0,0000000001|-0,0000000001|-0,0000000001|-0,0000000001|
|F4|2.2462247993503943E7|0|0|0|0|0|0|0|0|0|0|0|0|0|0|0|0|0|0|0|0|0|0|
|F5|-1.9479571195008263E7|-0,0000000003|-0,0000000003|-0,0000000003|-0,0000000003|-0,0000000003|-0,0000000003|-0,0000000003|-0,0000000003|-0,0000000003|-0,0000000003|-0,0000000003|-0,0000000003|-0,0000000003|-0,0000000003|-0,0000000003|-0,0000000003|-0,0000000003|-0,0000000003|-0,0000000003|-0,0000000003|-0,0000000003|-0,0000000003|
|F6|0|145596,929366189|145596,929366189|145596,929366189|145596,929366189|145596,929366189|145596,929366189|145596,929366189|145596,929366189|145596,929366189|145596,929366189|145596,929366189|145596,929366189|145596,929366189|145596,929366189|145596,929366189|145596,929366189|145596,929366189|145596,929366189|145596,929366189|145596,929366189|145596,929366189|145596,929366189|
|F7|3.3704807727447815E7|0,0000000005|0,0000000005|0,0000000005|0,0000000005|0,0000000005|0,0000000005|0,0000000005|0,0000000005|0,0000000005|0,0000000005|0,0000000005|0,0000000005|0,0000000005|0,0000000005|0,0000000005|0,0000000005|0,0000000005|0,0000000005|0,0000000005|0,0000000005|0,0000000005|0,0000000005|
|F8|-2.0820474597535834E8|0,0000000002|0,0000000002|0,0000000002|0,0000000002|0,0000000002|0,0000000002|0,0000000002|0,0000000002|0,0000000002|0,0000000002|0,0000000002|0,0000000002|0,0000000002|0,0000000002|0,0000000002|0,0000000002|0,0000000002|0,0000000002|0,0000000002|0,0000000002|0,0000000002|0,0000000002|
|F9|2.3805819769471336E7|0|0|0|0|0|0|0|0|0|0|0|0|0|0|0|0|0|0|0|0|0|0|
|F10|-4.0007927308905065E8|0|0|0|0|0|0|0|0|0|0|0|0|0|0|0|0|0|0|0|0|0|0|
|F11|1.268815666122398E8|0|0|0|0|0|0|0|0|0|0|0|0|0|0|0|0|0|0|0|0|0|0|
|F12|-4.0007927308905065E8|0|0|0|0|0|0|0|0|0|0|0|0|0|0|0|0|0|0|0|0|0|0|
|F13|1.268815666122398E8|-0,0000000003|-0,0000000003|-0,0000000003|-0,0000000003|-0,0000000003|-0,0000000003|-0,0000000003|-0,0000000003|-0,0000000003|-0,0000000003|-0,0000000003|-0,0000000003|-0,0000000003|-0,0000000003|-0,0000000003|-0,0000000003|-0,0000000003|-0,0000000003|-0,0000000003|-0,0000000003|-0,0000000003|-0,0000000003|
|F14|-2.0673736658394068E8|0,0000000003|0,0000000003|0,0000000003|0,0000000003|0,0000000003|0,0000000003|0,0000000003|0,0000000003|0,0000000003|0,0000000003|0,0000000003|0,0000000003|0,0000000003|0,0000000003|0,0000000003|0,0000000003|0,0000000003|0,0000000003|0,0000000003|0,0000000003|0,0000000003|0,0000000003|
|F15|3.702922202660332E7|-0,0000000001|-0,0000000001|-0,0000000001|-0,0000000001|-0,0000000001|-0,0000000001|-0,0000000001|-0,0000000001|-0,0000000001|-0,0000000001|-0,0000000001|-0,0000000001|-0,0000000001|-0,0000000001|-0,0000000001|-0,0000000001|-0,0000000001|-0,0000000001|-0,0000000001|-0,0000000001|-0,0000000001|-0,0000000001|
|F16|1.8611236569035336E-10|0|0|0|0|0|0|0|0|0|0|0|0|0|0|0|0|0|0|0|0|0|0|
|F17|1797210.1994393198|0|0|0|0|0|0|0|0|0|0|0|0|0|0|0|0|0|0|0|0|0|0|
|F18|2.4669590722365692E7|-8825,9999999999|-8825,9999999999|-8825,9999999999|-8825,9999999999|-8825,9999999999|-8825,9999999999|-8825,9999999999|-8825,9999999999|-8825,9999999999|-8825,9999999999|-8825,9999999999|-8825,9999999999|-8825,9999999999|-8825,9999999999|-8825,9999999999|-8825,9999999999|-8825,9999999999|-8825,9999999999|-8825,9999999999|-8825,9999999999|-8825,9999999999|-8825,9999999999|
|F19|0|-15303,5687793726|-15303,5687793726|-15303,5687793726|-15303,5687793726|-15303,5687793726|-15303,5687793726|-15303,5687793726|-15303,5687793726|-15303,5687793726|-15303,5687793726|-15303,5687793726|-15303,5687793726|-15303,5687793726|-15303,5687793726|-15303,5687793726|-15303,5687793726|-15303,5687793726|-15303,5687793726|-15303,5687793726|-15303,5687793726|-15303,5687793726|-15303,5687793726|
|F20|-621901.1048572571|-8826|-8826|-8826|-8826|-8826|-8826|-8826|-8826|-8826|-8826|-8826|-8826|-8826|-8826|-8826|-8826|-8826|-8826|-8826|-8826|-8826|-8826|
|F21|-2.398690242107095E8|0,0000000001|0,0000000001|0,0000000001|0,0000000001|0,0000000001|0,0000000001|0,0000000001|0,0000000001|0,0000000001|0,0000000001|0,0000000001|0,0000000001|0,0000000001|0,0000000001|0,0000000001|0,0000000001|0,0000000001|0,0000000001|0,0000000001|0,0000000001|0,0000000001|0,0000000001|
|F22|-3.141085465032346E8|-83300|-83300|-83300|-83300|-83300|-83300|-83300|-83300|-83300|-83300|-83300|-83300|-83300|-83300|-83300|-83300|-83300|-83300|-83300|-83300|-83300|-83300|
| |SOMA:|5.966285243630409E-10
![elements Internal Forces](img/elementInternalForces.png)
## Forças internas e Característica.
|Elemento|EA/L|λ|μ|Força|Característica|
|---|---|---|---|---|---|
|1|0,0085151802|1|0|-104421,784389687|COMPRESSÃO|
|2|0,0081560635|0,9578262852|0,2873478856|-109019,5435235702|COMPRESSÃO|
|3|0,0081560635|0,9578262852|0,2873478856|-72473,1276826879|COMPRESSÃO|
|4|0,0085151802|1|0|-84291,6666666677|COMPRESSÃO|
|5|0,0141919671|0|1|0|COMPRESSÃO|
|6|0,0085151802|-1|0|0|COMPRESSÃO|
|7|0,0081560635|-0,9578262852|-0,2873478856|217419,383048064|TRAÇÃO|
|8|0,0081560635|-0,9578262852|-0,2873478856|217419,3830480639|TRAÇÃO|
|9|0,0085151802|-1|0|15303,5687793726|TRAÇÃO|
|10|0,0141919671|0|-1|-8826|COMPRESSÃO|
|11|0,0073017068|0,8574929257|0,5144957554|103928,8056356391|TRAÇÃO|
|12|0,0141919671|0|-1|31326,5353169061|TRAÇÃO|
|13|0,0081560635|0,9578262852|-0,2873478856|-108399,8395244935|COMPRESSÃO|
|14|0,0141919671|0|-1|0|TRAÇÃO|
|15|0,0063292836|-0,7432941462|-0,6689647316|-186781,1471868742|COMPRESSÃO|
|16|0,0141919671|0|-1|20824,9999999997|TRAÇÃO|
|17|0,0073017068|0,8574929257|-0,5144957554|80953,0488067702|TRAÇÃO|
|18|0,0057279301|-0,336336397|0,9417419116|44226,5545232726|TRAÇÃO|
|19|0,0057279301|0,336336397|0,9417419116|44226,5545232724|TRAÇÃO|
